3943
783
2092
3679
2741
553
2647
4943
2064
2906
1664
1344
4003
4115
3648
4267
2661
3954
2170
1971
2163
935
1745
966
85
453
3733
284
4721
2131
4962
37
703
4431
1511
216
3978
3168
3728
2184
862
2049
2124
906
567
2944
2934
4929
4998
1909
2342
21
1928
2552
4057
2678
2891
1899
4736
298
1848
1612
4490
788
1863
740
639
3277
706
609
2365
2483
2089
2717
1957
3342
2950
4292
3312
4199
3606
2717
900
1523
818
4135
1669
4252
671
2845
3664
1504
1388
1962
4914
610
407
3163
1330
3577
4865
4724
1846
2049
3793
81
1648
2088
2347
3945
1177
2411
1075
1836
1590
759
3588
4730
61
3664
1631
1769
2018
4391
491
2044
4582
2242
119
4835
2910
111
2392
1518
2201
4764
3013
175
229
2938
1167
4596
205
2731
3302
4711
1763
614
395
2935
750
3092
4146
627
2123
936
123
407
1686
47
503
2383
615
4750
2824
936
4576
1858
1222
253
305
13
3434
4033
311
4601
4435
2179
2206
3607
785
782
3599
4959
4644
1422
4652
1219
2602
2181
3686
3263
3556
2702
3927
196
3892
4247
4768
3639
4696
243
4606
2348
4881
4894
2853
2407
2821
1838
270
3635
792
1252
3140
4286
3221
1442
3043
4167
4642
2624
1275
1253
2170
3831
3270
1381
2052
1699
3572
2705
3363
2947
4486
3354
3209
3939
1570
2962
4284
2132
657
4729
2310
3865
3727
3750
2519
2512
239
322
3731
295
952
435
4801
1818
3087
2035
1724
1143
1896
808
1622
2279
1165
753
4743
892
4027
160
3432
4150
2758
2732
930
238
615
3791
727
3552
4524
1121
875
3348
2518
3331
1721
4366
3951
1787
3162
4297
3265
4979
297
3427
2730
257
703
463
2225
2255
1567
341
2782
4293
597
2994
3255
3218
1548
1023
745
3374
3071
2229
4177
2841
3861
1807
623
3957
3879
1363
707
682
4793
498
1636
3122
1644
4575
4562
635
1773
4156
4152
3637
461
2045
4626
4428
4978
1907
566
1843
4721
4206
4016
262
2725
4599
131
1364
2310
1996
3972
2759
4645
2068
2935
2034
1628
4572
3031
804
4251
4911
2868
378
4422
999
4946
4872
3770
2303
2618
2183
2910
4483
3612
3394
3917
4240
4364
3505
2146
69
1609
2213
3691
4795
3800
2567
4823
2198
1848
2511
4494
4702
1780
3368
2026
4489
4107
4379
3072
2602
253
774
2876
739
209
4211
4646
2814
1674
264
2610
4077
2318
4684
595
2639
4799
1359
698
1161
2204
3610
905
1291
3226
1477
3059
850
1960
2878
2302
1414
3547
2883
3336
3759
3220
1499
4374
59
543
670
1473
4081
2580
107
4922
1029
4123
1754
2412
4240
3765
1531
4942
3560
1692
1109
2434
1273
3857
3982
1251
1035
4255
1709
2846
464
3590
713
1305
1531
2199
1752
1206
3967
1585
4919
4740
4522
4470
3019
3516
2732
1365
1654
1051
3770
2077
3388
2220
4877
1031
2789
3781
4798
3374
739
4518
1360
3151
3542
4863
411
1892
2012
3086
641
4815
935
1632
4635
3058
816
377
431
1884
4976
4466
2503
3958
332
4408
1212
2778
4268
1971
3493
1123
1997
1950
2187
1208
2508
276
4315
2208
2293
3946
2672
323
3544
1408
147
4835
303
2825
4036
4166
3664
382
4831
775
4719
1870
3825
2159
4019
1689
643
3881
4613
745
27
152
2659
4806
1881
1767
4862
4586
2814
4858
1507
3425
1628
385
3985
2415
2296
1051
4704
2040
2646
1375
1462
2616
3585
298
1355
2053
2247
1178
1335
1690
3024
2671
648
1567
4571
1655
3065
1407
3536
1914
875
4826
4610
4996
1880
3571
1811
1301
3302
3127
4012
4769
4343
178
534
2603
2641
2809
3166
1972
590
4227
4379
4918
3183
297
3394
4644
4941
83
2627
4915
1837
627
2870
1772
2549
184
1856
3602
2472
3416
4314
1844
4152
3882
1749
1274
776
2013
1982
3610
1032
3800
1395
2841
850
1086
632
1561
702
2434
1477
1332
2564
3524
1718
2595
1015
3439
2356
4478
1715
2460
2894
2674
1401
3228
2108
3214
4088
3700
695
4762
792
3588
3683
4367
1646
303
1686
1905
4372
2748
2617
1621
1646
2269
2009
815
190
2507
4187
2388
1454
2993
272
157
4870
2488
2457
3730
4
1501
724
3550
843
3578
1453
152
2881
2059
4002
1807
3135
2521
1385
4527
4071
3291
2537
4980
2067
905
1783
1739
2710
969
2120
3006
92
4169
4827
2358
184
4609
3306
353
327
708
2377
1649
3040
155
2270
4853
4842
1460
1235
1557
2967
2320
4275
2747
1633
556
1879
2116
160
438
219
3380
2222
2099
3882
1928
1334
4136
2378
511
1841
1519
4928
4639
3821
1723
3059
558
1845
3306
4181
1600
3146
4754
3665
1542
3223
903
3289
410
1548
2510
3693
4706
2630
3587
1364
693
435
2681
4927
3502
916
3386
2163
181
2788
1779
4905
1679
3116
2860
587
2107
2736
1645
4594
3883
1336
3340
4390
872
1186
3891
1687
711
3003
4698
2401
3750
1512
995
1317
3504
3103
4807
1578
966
2563
1213
476
4316
830
3721
2172
241
4771
2460
3751
12
1298
625
2022
1427
3860
3530
3898
3968
4043
1279
2882
1614
1266
2127
4672
3273
1324
335
3916
3759
1792
4680
1031
149
692
1545
895
1220
4970
2939
4985
1692
1356
3445
1955
1498
4530
4895
3073
1810
834
611
736
2944
4257
2526
383
3988
3764
3891
3029
618
3098
1199
1809
685
611
1031
3607
4414
2185
2997
3797
4141
882
603
1518
1354
662
4028
3181
2777
4312
3649
2184
4444
4221
3124
1039
29
3821
1831
4459
603
1105
1012
3723
1253
484
2351
458
4622
2008
3581
896
1653
3806
1394
1100
2637
3335
2530
1527
3017
4230
1256
157
1034
4477
1462
4617
412
3811
3088
1567
2835
3619
1060
715
4683
230
600
2753
3017
2138
