4
12
13
21
27
29
37
47
59
61
69
81
83
85
92
107
111
119
123
131
147
149
152
152
155
157
157
160
160
175
178
181
184
184
190
196
205
209
216
219
229
230
238
239
241
243
253
253
257
262
264
270
272
276
284
295
297
297
298
298
303
303
305
311
322
323
327
332
335
341
353
377
378
382
383
385
395
407
407
410
411
412
431
435
435
438
453
458
461
463
464
476
484
491
498
503
511
534
543
553
556
558
566
567
587
590
595
597
600
603
603
609
610
611
611
614
615
615
618
623
625
627
627
632
635
639
641
643
648
657
662
670
671
682
685
692
693
695
698
702
703
703
706
707
708
711
713
715
724
727
736
739
739
740
745
745
750
753
759
774
775
776
782
783
785
788
792
792
804
808
815
816
818
830
834
843
850
850
862
872
875
875
882
892
895
896
900
903
905
905
906
916
930
935
935
936
936
952
966
966
969
995
999
1012
1015
1023
1029
1031
1031
1031
1032
1034
1035
1039
1051
1051
1060
1075
1086
1100
1105
1109
1121
1123
1143
1161
1165
1167
1177
1178
1186
1199
1206
1208
1212
1213
1219
1220
1222
1235
1251
1252
1253
1253
1256
1266
1273
1274
1275
1279
1291
1298
1301
1305
1317
1324
1330
1332
1334
1335
1336
1344
1354
1355
1356
1359
1360
1363
1364
1364
1365
1375
1381
1385
1388
1394
1395
1401
1407
1408
1414
1422
1427
1442
1453
1454
1460
1462
1462
1473
1477
1477
1498
1499
1501
1504
1507
1511
1512
1518
1518
1519
1523
1527
1531
1531
1542
1545
1548
1548
1557
1561
1567
1567
1567
1570
1578
1585
1590
1600
1609
1612
1614
1621
1622
1628
1628
1631
1632
1633
1636
1644
1645
1646
1646
1648
1649
1653
1654
1655
1664
1669
1674
1679
1686
1686
1687
1689
1690
1692
1692
1699
1709
1715
1718
1721
1723
1724
1739
1745
1749
1752
1754
1763
1767
1769
1772
1773
1779
1780
1783
1787
1792
1807
1807
1809
1810
1811
1818
1831
1836
1837
1838
1841
1843
1844
1845
1846
1848
1848
1856
1858
1863
1870
1879
1880
1881
1884
1892
1896
1899
1905
1907
1909
1914
1928
1928
1950
1955
1957
1960
1962
1971
1971
1972
1982
1996
1997
2008
2009
2012
2013
2018
2022
2026
2034
2035
2040
2044
2045
2049
2049
2052
2053
2059
2064
2067
2068
2077
2088
2089
2092
2099
2107
2108
2116
2120
2123
2124
2127
2131
2132
2138
2146
2159
2163
2163
2170
2170
2172
2179
2181
2183
2184
2184
2185
2187
2198
2199
2201
2204
2206
2208
2213
2220
2222
2225
2229
2242
2247
2255
2269
2270
2279
2293
2296
2302
2303
2310
2310
2318
2320
2342
2347
2348
2351
2356
2358
2365
2377
2378
2383
2388
2392
2401
2407
2411
2412
2415
2434
2434
2457
2460
2460
2472
2483
2488
2503
2507
2508
2510
2511
2512
2518
2519
2521
2526
2530
2537
2549
2552
2563
2564
2567
2580
2595
2602
2602
2603
2610
2616
2617
2618
2624
2627
2630
2637
2639
2641
2646
2647
2659
2661
2671
2672
2674
2678
2681
2702
2705
2710
2717
2717
2725
2730
2731
2732
2732
2736
2741
2747
2748
2753
2758
2759
2777
2778
2782
2788
2789
2809
2814
2814
2821
2824
2825
2835
2841
2841
2845
2846
2853
2860
2868
2870
2876
2878
2881
2882
2883
2891
2894
2906
2910
2910
2934
2935
2935
2938
2939
2944
2944
2947
2950
2962
2967
2993
2994
2997
3003
3006
3013
3017
3017
3019
3024
3029
3031
3040
3043
3058
3059
3059
3065
3071
3072
3073
3086
3087
3088
3092
3098
3103
3116
3122
3124
3127
3135
3140
3146
3151
3162
3163
3166
3168
3181
3183
3209
3214
3218
3220
3221
3223
3226
3228
3255
3263
3265
3270
3273
3277
3289
3291
3302
3302
3306
3306
3312
3331
3335
3336
3340
3342
3348
3354
3363
3368
3374
3374
3380
3386
3388
3394
3394
3416
3425
3427
3432
3434
3439
3445
3493
3502
3504
3505
3516
3524
3530
3536
3542
3544
3547
3550
3552
3556
3560
3571
3572
3577
3578
3581
3585
3587
3588
3588
3590
3599
3602
3606
3607
3607
3610
3610
3612
3619
3635
3637
3639
3648
3649
3664
3664
3664
3665
3679
3683
3686
3691
3693
3700
3721
3723
3727
3728
3730
3731
3733
3750
3750
3751
3759
3759
3764
3765
3770
3770
3781
3791
3793
3797
3800
3800
3806
3811
3821
3821
3825
3831
3857
3860
3861
3865
3879
3881
3882
3882
3883
3891
3891
3892
3898
3916
3917
3927
3939
3943
3945
3946
3951
3954
3957
3958
3967
3968
3972
3978
3982
3985
3988
4002
4003
4012
4016
4019
4027
4028
4033
4036
4043
4057
4071
4077
4081
4088
4107
4115
4123
4135
4136
4141
4146
4150
4152
4152
4156
4166
4167
4169
4177
4181
4187
4199
4206
4211
4221
4227
4230
4240
4240
4247
4251
4252
4255
4257
4267
4268
4275
4284
4286
4292
4293
4297
4312
4314
4315
4316
4343
4364
4366
4367
4372
4374
4379
4379
4390
4391
4408
4414
4422
4428
4431
4435
4444
4459
4466
4470
4477
4478
4483
4486
4489
4490
4494
4518
4522
4524
4527
4530
4562
4571
4572
4575
4576
4582
4586
4594
4596
4599
4601
4606
4609
4610
4613
4617
4622
4626
4635
4639
4642
4644
4644
4645
4646
4652
4672
4680
4683
4684
4696
4698
4702
4704
4706
4711
4719
4721
4721
4724
4729
4730
4736
4740
4743
4750
4754
4762
4764
4768
4769
4771
4793
4795
4798
4799
4801
4806
4807
4815
4823
4826
4827
4831
4835
4835
4842
4853
4858
4862
4863
4865
4870
4872
4877
4881
4894
4895
4905
4911
4914
4915
4918
4919
4922
4927
4928
4929
4941
4942
4943
4946
4959
4962
4970
4976
4978
4979
4980
4985
4996
4998
